0 20
1 20,CLKBUF_X1
2 20,CLKBUF_X1
3 20
4 20
5 20
6 20
7 20
8 20
9 20
10 20
11 20
12 20
13 20
14 20
15 20
16 20
17 20
18 20
19 20
20 20
21 20
22 20
23 20
24 20
25 20
26 20
27 20
28 20
29 20
30 20
31 20
32 20
33 20
34 20
35 20
36 20
37 20,CLKBUF_X1
38 20,CLKBUF_X1
39 20
40 20
41 20
42 20
43 20
44 20
45 20
46 20
47 20
48 20
49 20
50 20
51 20
52 20,CLKBUF_X1
53 20,CLKBUF_X1
54 20,CLKBUF_X1
55 20
56 20
57 20,CLKBUF_X1
58 20,CLKBUF_X1
59 20,CLKBUF_X1
60 20
61 20
62 20
63 20,CLKBUF_X1
64 20,CLKBUF_X1
65 20,CLKBUF_X1
66 20
67 20
68 20
69 20
70 20
71 20
72 20
73 20
74 20
75 20
76 20
77 20
78 20
79 20
80 20
81 20
82 20
83 20
84 20
85 20
86 20
87 20
88 20
89 20
90 20
91 20
92 20
93 20
94 20
95 20
96 20
97 20
98 20
99 20
100 20,CLKBUF_X1
101 20,CLKBUF_X1
102 20,CLKBUF_X1
103 20
104 20
105 20
106 20,CLKBUF_X1
107 20,CLKBUF_X1
108 20,CLKBUF_X1
109 20
110 20
111 20
112 20
113 20
114 20
115 20
116 20
117 20
118 20
119 20
120 20
121 20
122 20
123 20
124 20
125 20
126 20
127 20
128 20
129 20
130 20
131 20
132 20
133 20
134 20
135 20
136 20
137 20
138 20
139 20
140 20
141 20
142 20
143 20
144 20
145 20
146 20
147 20
148 20
149 20
150 20
151 20
152 20
153 20
154 20
155 20,CLKBUF_X1
156 20,CLKBUF_X1
157 20,CLKBUF_X1
158 20
159 20
160 20
161 20
162 20
163 20
164 20
165 20
166 20
167 20
168 20
169 20
170 20
171 20
172 20
173 20
174 20
175 20
176 20
177 20
178 20
179 20
180 20
181 20
182 20
183 20
184 20
185 20
186 20
187 20
188 20
189 20
190 20
191 20
192 20
193 20
194 20
195 20
196 20
197 20
198 20
199 20
200 20
201 20
202 20
203 20
204 20
205 20
206 20
207 20
208 20
209 20
210 20
211 20
212 20
213 20
214 20
215 20
216 20
217 20
218 20
219 20
220 20
221 20
222 20
223 20
224 20
225 20
226 20
227 20
228 20
229 20
230 20
231 20
232 20
233 20
234 20
235 20
236 20
237 20,CLKBUF_X1
238 20,CLKBUF_X1
239 20,CLKBUF_X1
240 20
241 20
242 20
243 20
244 20
245 20
246 20
247 20
248 20
249 20
250 20
251 20
252 20
253 20
254 20
255 20
256 20
257 20
258 20
259 20
260 20
261 20
262 20
263 20
264 20
265 20
266 20
267 20
268 20
269 20
270 20
271 20
272 20
273 20
274 20
275 20
276 20
277 20
278 20
279 20
280 20
281 20
282 20
283 20
284 20
285 20
286 20
287 20
288 20
289 20
290 20
291 20
292 20
293 20
294 20
295 20
296 20
297 20
298 20
299 20
300 20
301 20
302 20
303 20
304 20
305 20
306 20
307 20
308 20
309 20
310 20
311 20
312 20
313 20
314 20
315 20
316 20
317 20
318 20
319 20
320 20
321 20
322 20
323 20
324 20
325 20
326 20
327 20
328 20
329 20
330 20
331 20
332 20
333 20
334 20
335 20
336 20
337 20
338 20
339 20
340 20
341 20
342 20
343 20
344 20
345 20,CLKBUF_X1
346 20,CLKBUF_X1
347 20,CLKBUF_X1
348 20
349 20
350 20
351 20
352 20
353 20
354 20
355 20
356 20
357 20
358 20
359 20
360 20
361 20
362 20
363 20
364 20
365 20
366 20
367 20
368 20
369 20
370 20
371 20
372 20
373 20
374 20
375 20
376 20
377 20
378 20
379 20
380 20
381 20
382 20
383 20
384 20
385 20
386 20
387 20
388 20
389 20
390 20
391 20
392 20
393 20
394 20
395 20
396 20
397 20
398 20
399 20
400 20
401 20
402 20
403 20
404 20
405 20
406 20
407 20
408 20
409 20
410 20
411 20
412 20
413 20
414 20
415 20
416 20
417 20,CLKBUF_X1
418 20,CLKBUF_X1
419 20,CLKBUF_X1
420 20
421 20
422 20
423 20
424 20
425 20
426 20
427 20
428 20
429 20
430 20
431 20
432 20
433 20
434 20
435 20
436 20
437 20
438 20,CLKBUF_X1
439 20,CLKBUF_X1
440 20,CLKBUF_X1
441 20,CLKBUF_X1
442 20,CLKBUF_X1
443 20,CLKBUF_X1
444 20,CLKBUF_X1
445 20,CLKBUF_X1
446 20,CLKBUF_X1
447 20,CLKBUF_X1
448 20,CLKBUF_X1
449 20,CLKBUF_X1
450 20,CLKBUF_X1
451 20,CLKBUF_X1
452 20,CLKBUF_X1
453 20,CLKBUF_X1,20,CLKBUF_X1
454 20,CLKBUF_X1,20,CLKBUF_X1
455 20,CLKBUF_X1,20,CLKBUF_X1
456 40
457 40,CLKBUF_X1
458 40,CLKBUF_X1
459 40
460 40
461 40
462 40
463 40
464 40
465 40
466 40
467 40
468 40
469 40
470 40
471 40
472 40
473 40
474 40
475 40
476 40
477 40
478 40
479 40
480 40
481 40
482 40
483 40
484 40
485 40
486 40
487 40
488 40
489 40
490 40
491 40
492 40
493 40,CLKBUF_X1
494 40,CLKBUF_X1
495 40
496 40
497 40
498 40
499 40
500 40
501 40
502 40
503 40
504 40
505 40
506 40
507 40
508 20,CLKBUF_X1,20,CLKBUF_X1
509 20,CLKBUF_X1,20,CLKBUF_X1
510 20,CLKBUF_X1,20,CLKBUF_X1
511 40,CLKBUF_X1
512 40,CLKBUF_X1
513 40,CLKBUF_X1
514 40
515 40
516 20,CLKBUF_X1,20,CLKBUF_X1
517 20,CLKBUF_X1,20,CLKBUF_X1
518 20,CLKBUF_X1,20,CLKBUF_X1
519 40,CLKBUF_X1
520 40,CLKBUF_X1
521 40,CLKBUF_X1
522 40
523 40
524 40
525 40,CLKBUF_X1
526 40,CLKBUF_X1
527 40,CLKBUF_X1
528 40
529 40
530 40
531 40
532 40
533 40
534 40
535 40
536 40
537 40
538 40
539 40
540 40
541 40
542 40
543 40
544 40
545 40
546 40
547 40
548 40
549 40
550 40
551 40
552 40
553 40
554 40
555 40
556 40
557 40
558 40
559 40
560 40
561 40
562 20,CLKBUF_X1,20,CLKBUF_X1
563 20,CLKBUF_X1,20,CLKBUF_X1
564 20,CLKBUF_X1,20,CLKBUF_X1
565 40,CLKBUF_X1
566 40,CLKBUF_X1
567 40,CLKBUF_X1
568 40
569 40
570 40
571 20,CLKBUF_X1,20,CLKBUF_X1
572 20,CLKBUF_X1,20,CLKBUF_X1
573 20,CLKBUF_X1,20,CLKBUF_X1
574 40,CLKBUF_X1
575 40,CLKBUF_X1
576 40,CLKBUF_X1
577 40
578 40
579 40
580 40
581 40
582 40
583 40
584 40
585 40
586 40
587 40
588 40
589 40
590 40
591 40
592 40
593 40
594 40
595 40
596 40
597 40
598 40
599 40
600 40
601 40
602 40
603 40
604 40
605 40
606 40
607 40
608 40
609 40
610 40
611 40
612 40
613 40
614 40
615 40
616 40
617 40
618 40
619 40
620 40
621 40
622 40
623 20,CLKBUF_X1,20,CLKBUF_X1
624 20,CLKBUF_X1,20,CLKBUF_X1
625 20,CLKBUF_X1,20,CLKBUF_X1
626 40,CLKBUF_X1
627 40,CLKBUF_X1
628 40,CLKBUF_X1
629 40
630 40
631 40
632 40
633 40
634 40
635 40
636 40
637 40
638 40
639 40
640 40
641 40
642 40
643 40
644 40
645 40
646 40
647 40
648 40
649 40
650 40
651 40
652 40
653 40
654 40
655 40
656 40
657 40
658 40
659 40
660 40
661 40
662 20,CLKBUF_X1,20
663 20,CLKBUF_X1,20
664 20,CLKBUF_X1,20
665 40
666 40
667 40
668 40
669 40
670 40
671 40
672 40
673 40
674 40
675 40
676 40
677 40
678 40
679 20,CLKBUF_X1,20
680 20,CLKBUF_X1,20
681 20,CLKBUF_X1,20
682 40
683 40
684 40
685 20,CLKBUF_X1,20
686 20,CLKBUF_X1,20
687 20,CLKBUF_X1,20
688 40
689 40
690 40
691 40
692 40
693 40
694 40
695 40
696 40
697 40
698 40
699 40
700 40
701 40
702 40
703 40
704 40
705 40
706 40
707 40
708 40
709 40
710 40
711 40
712 40
713 40
714 40
715 40
716 40
717 20,CLKBUF_X1,20,CLKBUF_X1
718 20,CLKBUF_X1,20,CLKBUF_X1
719 20,CLKBUF_X1,20,CLKBUF_X1
720 40,CLKBUF_X1
721 40,CLKBUF_X1
722 40,CLKBUF_X1
723 40
724 40
725 40
726 40
727 40
728 20,CLKBUF_X1,20
729 20,CLKBUF_X1,20
730 40
731 40
732 40
733 20,CLKBUF_X1,20
734 20,CLKBUF_X1,20
735 20,CLKBUF_X1,20
736 40
737 40
738 40
739 20,CLKBUF_X1,20
740 20,CLKBUF_X1,20
741 20,CLKBUF_X1,20
742 40
743 40
744 40
745 40
746 40
747 40
748 40
749 40
750 40
751 40
752 40
753 40
754 40
755 40
756 40
757 40
758 40
759 40
760 40
761 40
762 40
763 40
764 40
765 40
766 40
767 40
768 40
769 40
770 40
771 40
772 40
773 40
774 40
775 40
776 40
777 40
778 40
779 40
780 40
781 40
782 40
783 40
784 40
785 40
786 40
787 40
788 40
789 40
790 40
791 40
792 40
793 40
794 40
795 40
796 40
797 40
798 40
799 40
800 40
801 40
802 40
803 40
804 40
805 40
806 40
807 40
808 40
809 40
810 40
811 40
812 40
813 40
814 40
815 40
816 40
817 40
818 40
819 40
820 40
821 40
822 20,CLKBUF_X1,20
823 20,CLKBUF_X1,20
824 20,CLKBUF_X1,20
825 40
826 40
827 40
828 40
829 40
830 40
831 40
832 40
833 40
834 40
835 40
836 40
837 40
838 40
839 20,CLKBUF_X1,20,CLKBUF_X1
840 20,CLKBUF_X1,20,CLKBUF_X1
841 20,CLKBUF_X1,20,CLKBUF_X1
842 40,CLKBUF_X1
843 40,CLKBUF_X1
844 40,CLKBUF_X1
845 40
846 40
847 40
848 40
849 40
850 40
851 40
852 40
853 40
854 40
855 40
856 40
857 40
858 40
859 40
860 40
861 40
862 40
863 40
864 40
865 40
866 40
867 40
868 40
869 40
870 40
871 40
872 40
873 40
874 40
875 40
876 40
877 40
878 40
879 40
880 40
881 40
882 40
883 40
884 40
885 40
886 40
887 40
888 40
889 40
890 40
891 40
892 40
893 40
894 40
895 40
896 40
897 40
898 40
899 40
900 40
901 40
902 40
903 40
904 40
905 40
906 40
907 40
908 40
909 40
910 20,CLKBUF_X1,20
911 20,CLKBUF_X1,20
912 20,CLKBUF_X1,20
913 40
914 40
915 40
916 40
917 20,CLKBUF_X1,20,CLKBUF_X1
918 20,CLKBUF_X1,20,CLKBUF_X1
919 20,CLKBUF_X1,20,CLKBUF_X1
920 40,CLKBUF_X1
921 40,CLKBUF_X1
922 40,CLKBUF_X1
923 40
924 40
925 40
926 40
927 40
928 40
929 40
930 40
931 40
932 40
933 40
934 40
935 40
936 40
937 40
938 40
939 40
940 40
941 20,CLKBUF_X1,20
942 20,CLKBUF_X1,20
943 20,CLKBUF_X1,20
944 20,CLKBUF_X1,20,CLKBUF_X1
945 20,CLKBUF_X1,20,CLKBUF_X1
946 20,CLKBUF_X1,20,CLKBUF_X1
947 40,CLKBUF_X1
948 40,CLKBUF_X1
949 40,CLKBUF_X1
950 20,CLKBUF_X1,20
951 20,CLKBUF_X1,20
952 20,CLKBUF_X1,20
953 20,CLKBUF_X1,20,CLKBUF_X1
954 20,CLKBUF_X1,20,CLKBUF_X1
955 20,CLKBUF_X1,20,CLKBUF_X1
956 40,CLKBUF_X1
957 40,CLKBUF_X1
958 40,CLKBUF_X1
959 20,CLKBUF_X1,20
960 20,CLKBUF_X1,20
961 20,CLKBUF_X1,20
962 20,CLKBUF_X1,20,CLKBUF_X1
963 20,CLKBUF_X1,20,CLKBUF_X1
964 20,CLKBUF_X1,20,CLKBUF_X1
965 40,CLKBUF_X1
966 40,CLKBUF_X1
967 40,CLKBUF_X1
968 20,CLKBUF_X1,20
969 20,CLKBUF_X1,20
970 20,CLKBUF_X1,20
971 20,CLKBUF_X1,20,CLKBUF_X1
972 20,CLKBUF_X1,20,CLKBUF_X1
973 20,CLKBUF_X1,20,CLKBUF_X1
974 40,CLKBUF_X1
975 40,CLKBUF_X1
976 40,CLKBUF_X1
977 20,CLKBUF_X1,20
978 20,CLKBUF_X1,20
979 20,CLKBUF_X1,20
980 20,CLKBUF_X1,20,CLKBUF_X1
981 20,CLKBUF_X1,20,CLKBUF_X1
982 20,CLKBUF_X1,20,CLKBUF_X1
983 40,CLKBUF_X1
984 40,CLKBUF_X1
985 40,CLKBUF_X1
986 20,CLKBUF_X1,20,CLKBUF_X1,20,CLKBUF_X1
987 20,CLKBUF_X1,20,CLKBUF_X1,20,CLKBUF_X1
988 20,CLKBUF_X1,20,CLKBUF_X1,20,CLKBUF_X1
989 40,CLKBUF_X1,20,CLKBUF_X1
990 40,CLKBUF_X1,20,CLKBUF_X1
991 40,CLKBUF_X1,20,CLKBUF_X1
992 60
993 60,CLKBUF_X1
994 60,CLKBUF_X1
995 60
996 60
997 60
998 60
999 60
1000 60
1001 60
1002 60
1003 60
1004 60
1005 60
1006 60
1007 60
1008 60
1009 60
1010 60
1011 60
1012 60
1013 60
1014 60
1015 60
1016 60
1017 60
1018 60
1019 60
1020 60
1021 60
1022 60
1023 60
1024 60
1025 60
1026 60
1027 60
1028 20,CLKBUF_X1,40,CLKBUF_X1
1029 20,CLKBUF_X1,40,CLKBUF_X1
1030 20,CLKBUF_X1,40,CLKBUF_X1
1031 60
1032 60,CLKBUF_X1
1033 60,CLKBUF_X1
1034 60
1035 60
1036 60
1037 60
1038 60
1039 60
1040 60
1041 60
1042 60
1043 60
1044 60
1045 60
1046 60
1047 20,CLKBUF_X1,40,CLKBUF_X1
1048 20,CLKBUF_X1,20,CLKBUF_X1,20,CLKBUF_X1
1049 20,CLKBUF_X1,20,CLKBUF_X1,20,CLKBUF_X1
1050 40,CLKBUF_X1,20,CLKBUF_X1
1051 40,CLKBUF_X1,20,CLKBUF_X1
1052 40,CLKBUF_X1,20,CLKBUF_X1
1053 60,CLKBUF_X1
1054 60,CLKBUF_X1
1055 60,CLKBUF_X1
1056 60
1057 60
1058 20,CLKBUF_X1,40,CLKBUF_X1
1059 20,CLKBUF_X1,20,CLKBUF_X1,20,CLKBUF_X1
1060 20,CLKBUF_X1,20,CLKBUF_X1,20,CLKBUF_X1
1061 40,CLKBUF_X1,20,CLKBUF_X1
1062 40,CLKBUF_X1,20,CLKBUF_X1
1063 40,CLKBUF_X1,20,CLKBUF_X1
1064 60,CLKBUF_X1
1065 60,CLKBUF_X1
1066 60,CLKBUF_X1
1067 60
1068 60
1069 60
1070 60,CLKBUF_X1
1071 60,CLKBUF_X1
1072 60,CLKBUF_X1
1073 60
1074 60
1075 60
1076 60
1077 60
1078 60
1079 60
1080 60
1081 60
1082 60
1083 60
1084 60
1085 60
1086 60
1087 60
1088 60
1089 60
1090 60
1091 60
1092 60
1093 60
1094 60
1095 60
1096 60
1097 60
1098 60
1099 60
1100 60
1101 60
1102 60
1103 60
1104 60
1105 60
1106 60
1107 20,CLKBUF_X1,40,CLKBUF_X1
1108 20,CLKBUF_X1,20,CLKBUF_X1,20,CLKBUF_X1
1109 20,CLKBUF_X1,20,CLKBUF_X1,20,CLKBUF_X1
1110 40,CLKBUF_X1,20,CLKBUF_X1
1111 40,CLKBUF_X1,20,CLKBUF_X1
1112 40,CLKBUF_X1,20,CLKBUF_X1
1113 60,CLKBUF_X1
1114 60,CLKBUF_X1
1115 60,CLKBUF_X1
1116 60
1117 60
1118 60
1119 20,CLKBUF_X1,40,CLKBUF_X1
1120 20,CLKBUF_X1,20,CLKBUF_X1,20,CLKBUF_X1
1121 20,CLKBUF_X1,20,CLKBUF_X1,20,CLKBUF_X1
1122 40,CLKBUF_X1,20,CLKBUF_X1
1123 40,CLKBUF_X1,20,CLKBUF_X1
1124 40,CLKBUF_X1,20,CLKBUF_X1
1125 60,CLKBUF_X1
1126 60,CLKBUF_X1
1127 60,CLKBUF_X1
1128 60
1129 60
1130 60
1131 60
1132 60
1133 60
1134 60
1135 60
1136 60
1137 60
1138 60
1139 60
1140 60
1141 60
1142 60
1143 60
1144 60
1145 60
1146 60
1147 60
1148 60
1149 60
1150 60
1151 60
1152 60
1153 60
1154 60
1155 60
1156 60
1157 60
1158 60
1159 60
1160 60
1161 60
1162 60
1163 60
1164 60
1165 60
1166 60
1167 60
1168 60
1169 60
1170 60
1171 60
1172 60
1173 60
1174 20,CLKBUF_X1,40,CLKBUF_X1
1175 20,CLKBUF_X1,20,CLKBUF_X1,20,CLKBUF_X1
1176 20,CLKBUF_X1,20,CLKBUF_X1,20,CLKBUF_X1
1177 40,CLKBUF_X1,20,CLKBUF_X1
1178 40,CLKBUF_X1,20,CLKBUF_X1
1179 40,CLKBUF_X1,20,CLKBUF_X1
1180 60,CLKBUF_X1
1181 60,CLKBUF_X1
1182 60,CLKBUF_X1
1183 60
1184 60
1185 60
1186 60
1187 60
1188 60
1189 60
1190 60
1191 60
1192 60
1193 60
1194 60
1195 60
1196 60
1197 60
1198 60
1199 60
1200 60
1201 60
1202 60
1203 60
1204 60
1205 60
1206 60
1207 60
1208 60
1209 60
1210 60
1211 60
1212 60
1213 60
1214 60
1215 60
1216 20,CLKBUF_X1,20,CLKBUF_X1,20
1217 20,CLKBUF_X1,20,CLKBUF_X1,20
1218 20,CLKBUF_X1,20,CLKBUF_X1,20
1219 40,CLKBUF_X1,20
1220 40,CLKBUF_X1,20
1221 40,CLKBUF_X1,20
1222 60
1223 60
1224 60
1225 60
1226 60
1227 60
1228 60
1229 60
1230 60
1231 60
1232 60
1233 60
1234 60
1235 60
1236 20,CLKBUF_X1,20,CLKBUF_X1,20
1237 20,CLKBUF_X1,20,CLKBUF_X1,20
1238 20,CLKBUF_X1,20,CLKBUF_X1,20
1239 40,CLKBUF_X1,20
1240 40,CLKBUF_X1,20
1241 40,CLKBUF_X1,20
1242 60
1243 60
1244 60
1245 20,CLKBUF_X1,20,CLKBUF_X1,20
1246 20,CLKBUF_X1,20,CLKBUF_X1,20
1247 20,CLKBUF_X1,20,CLKBUF_X1,20
1248 40,CLKBUF_X1,20
1249 40,CLKBUF_X1,20
1250 40,CLKBUF_X1,20
1251 60
1252 60
1253 60
1254 60
1255 60
1256 60
1257 60
1258 60
1259 60
1260 60
1261 60
1262 60
1263 60
1264 60
1265 60
1266 60
1267 60
1268 60
1269 60
1270 60
1271 60
1272 60
1273 60
1274 60
1275 60
1276 60
1277 60
1278 60
1279 60
1280 20,CLKBUF_X1,40,CLKBUF_X1
1281 20,CLKBUF_X1,20,CLKBUF_X1,20,CLKBUF_X1
1282 20,CLKBUF_X1,20,CLKBUF_X1,20,CLKBUF_X1
1283 40,CLKBUF_X1,20,CLKBUF_X1
1284 40,CLKBUF_X1,20,CLKBUF_X1
1285 40,CLKBUF_X1,20,CLKBUF_X1
1286 60,CLKBUF_X1
1287 60,CLKBUF_X1
1288 60,CLKBUF_X1
1289 60
1290 60
1291 60
1292 60
1293 60
1294 40,CLKBUF_X1,20
1295 40,CLKBUF_X1,20
1296 60
1297 60
1298 60
1299 20,CLKBUF_X1,20,CLKBUF_X1,20
1300 20,CLKBUF_X1,20,CLKBUF_X1,20
1301 20,CLKBUF_X1,20,CLKBUF_X1,20
1302 40,CLKBUF_X1,20
1303 40,CLKBUF_X1,20
1304 40,CLKBUF_X1,20
1305 60
1306 60
1307 60
1308 20,CLKBUF_X1,20,CLKBUF_X1,20
1309 20,CLKBUF_X1,20,CLKBUF_X1,20
1310 20,CLKBUF_X1,20,CLKBUF_X1,20
1311 40,CLKBUF_X1,20
1312 40,CLKBUF_X1,20
1313 40,CLKBUF_X1,20
1314 60
1315 60
1316 60
1317 60
1318 60
1319 60
1320 60
1321 60
1322 60
1323 60
1324 60
1325 60
1326 60
1327 60
1328 60
1329 60
1330 60
1331 60
1332 60
1333 60
1334 60
1335 60
1336 60
1337 60
1338 60
1339 60
1340 60
1341 60
1342 60
1343 60
1344 60
1345 60
1346 60
1347 60
1348 60
1349 60
1350 60
1351 60
1352 60
1353 60
1354 60
1355 60
1356 60
1357 60
1358 60
1359 60
1360 60
1361 60
1362 60
1363 60
1364 60
1365 60
1366 60
1367 60
1368 60
1369 60
1370 60
1371 60
1372 60
1373 60
1374 60
1375 60
1376 60
1377 60
1378 60
1379 60
1380 60
1381 60
1382 60
1383 60
1384 60
1385 60
1386 60
1387 60
1388 60
1389 60
1390 60
1391 60
1392 60
1393 20,CLKBUF_X1,40
1394 20,CLKBUF_X1,40
1395 20,CLKBUF_X1,40
1396 60
1397 20,CLKBUF_X1,20,CLKBUF_X1,20
1398 20,CLKBUF_X1,20,CLKBUF_X1,20
1399 20,CLKBUF_X1,20,CLKBUF_X1,20
1400 40,CLKBUF_X1,20
1401 40,CLKBUF_X1,20
1402 40,CLKBUF_X1,20
1403 60
1404 60
1405 60
1406 60
1407 60
1408 60
1409 60
1410 60
1411 60
1412 60
1413 60
1414 60
1415 60
1416 60
1417 20,CLKBUF_X1,40,CLKBUF_X1
1418 20,CLKBUF_X1,20,CLKBUF_X1,20,CLKBUF_X1
1419 20,CLKBUF_X1,20,CLKBUF_X1,20,CLKBUF_X1
1420 40,CLKBUF_X1,20,CLKBUF_X1
1421 40,CLKBUF_X1,20,CLKBUF_X1
1422 40,CLKBUF_X1,20,CLKBUF_X1
1423 60,CLKBUF_X1
1424 60,CLKBUF_X1
1425 60,CLKBUF_X1
1426 60
1427 60
1428 60
1429 60
1430 60
1431 60
1432 60
1433 60
1434 60
1435 60
1436 60
1437 60
1438 60
1439 60
1440 60
1441 60
1442 60
1443 60
1444 60
1445 60
1446 60
1447 60
1448 60
1449 60
1450 60
1451 60
1452 60
1453 60
1454 60
1455 60
1456 60
1457 60
1458 60
1459 20,CLKBUF_X1,40
1460 20,CLKBUF_X1,40
1461 20,CLKBUF_X1,40
1462 60
1463 60
1464 60
1465 20,CLKBUF_X1,40
1466 20,CLKBUF_X1,40
1467 20,CLKBUF_X1,40
1468 60
1469 60
1470 60
1471 20,CLKBUF_X1,40
1472 20,CLKBUF_X1,40
1473 20,CLKBUF_X1,40
1474 60
1475 60
1476 60
1477 60
1478 60
1479 60
1480 60
1481 60
1482 60
1483 60
1484 60
1485 60
1486 60
1487 60
1488 60
1489 60
1490 60
1491 60
1492 60
1493 60
1494 60
1495 60
1496 60
1497 60
1498 60
1499 60
1500 20,CLKBUF_X1,20,CLKBUF_X1,20
1501 20,CLKBUF_X1,20,CLKBUF_X1,20
1502 20,CLKBUF_X1,20,CLKBUF_X1,20
1503 40,CLKBUF_X1,20
1504 40,CLKBUF_X1,20
1505 40,CLKBUF_X1,20
1506 60
1507 60
1508 60
1509 60
1510 20,CLKBUF_X1,40,CLKBUF_X1
1511 20,CLKBUF_X1,20,CLKBUF_X1,20,CLKBUF_X1
1512 20,CLKBUF_X1,20,CLKBUF_X1,20,CLKBUF_X1
1513 40,CLKBUF_X1,20,CLKBUF_X1
1514 40,CLKBUF_X1,20,CLKBUF_X1
1515 40,CLKBUF_X1,20,CLKBUF_X1
1516 60,CLKBUF_X1
1517 60,CLKBUF_X1
1518 60,CLKBUF_X1
1519 60
1520 60
1521 60
1522 60
1523 60
1524 60
1525 60
1526 20,CLKBUF_X1,40
1527 20,CLKBUF_X1,40
1528 20,CLKBUF_X1,40
1529 60
1530 60
1531 60
1532 60
1533 60
1534 60
1535 60
1536 60
1537 60
1538 60
1539 60
1540 20,CLKBUF_X1,40
1541 20,CLKBUF_X1,40
1542 20,CLKBUF_X1,40
1543 20,CLKBUF_X1,20,CLKBUF_X1,20
1544 20,CLKBUF_X1,20,CLKBUF_X1,20
1545 20,CLKBUF_X1,20,CLKBUF_X1,20
1546 40,CLKBUF_X1,20
1547 40,CLKBUF_X1,20
1548 40,CLKBUF_X1,20
1549 20,CLKBUF_X1,40,CLKBUF_X1
1550 20,CLKBUF_X1,20,CLKBUF_X1,20,CLKBUF_X1
1551 20,CLKBUF_X1,20,CLKBUF_X1,20,CLKBUF_X1
1552 40,CLKBUF_X1,20,CLKBUF_X1
1553 40,CLKBUF_X1,20,CLKBUF_X1
1554 40,CLKBUF_X1,20,CLKBUF_X1
1555 60,CLKBUF_X1
1556 60,CLKBUF_X1
1557 60,CLKBUF_X1
1558 20,CLKBUF_X1,40
1559 20,CLKBUF_X1,40
1560 20,CLKBUF_X1,40
1561 20,CLKBUF_X1,20,CLKBUF_X1,20
1562 20,CLKBUF_X1,20,CLKBUF_X1,20
1563 20,CLKBUF_X1,20,CLKBUF_X1,20
1564 40,CLKBUF_X1,20
1565 40,CLKBUF_X1,20
1566 40,CLKBUF_X1,20
1567 20,CLKBUF_X1,40,CLKBUF_X1
1568 20,CLKBUF_X1,20,CLKBUF_X1,20,CLKBUF_X1
1569 20,CLKBUF_X1,20,CLKBUF_X1,20,CLKBUF_X1
1570 40,CLKBUF_X1,20,CLKBUF_X1
1571 40,CLKBUF_X1,20,CLKBUF_X1
1572 40,CLKBUF_X1,20,CLKBUF_X1
1573 60,CLKBUF_X1
1574 60,CLKBUF_X1
1575 60,CLKBUF_X1
1576 20,CLKBUF_X1,40
1577 20,CLKBUF_X1,40
1578 20,CLKBUF_X1,40
1579 20,CLKBUF_X1,20,CLKBUF_X1,20
1580 20,CLKBUF_X1,20,CLKBUF_X1,20
1581 20,CLKBUF_X1,20,CLKBUF_X1,20
1582 40,CLKBUF_X1,20
1583 40,CLKBUF_X1,20
1584 40,CLKBUF_X1,20
1585 20,CLKBUF_X1,40,CLKBUF_X1
1586 20,CLKBUF_X1,20,CLKBUF_X1,20,CLKBUF_X1
1587 20,CLKBUF_X1,20,CLKBUF_X1,20,CLKBUF_X1
1588 40,CLKBUF_X1,20,CLKBUF_X1
1589 40,CLKBUF_X1,20,CLKBUF_X1
1590 40,CLKBUF_X1,20,CLKBUF_X1
1591 60,CLKBUF_X1
1592 60,CLKBUF_X1
1593 60,CLKBUF_X1
1594 20,CLKBUF_X1,40
1595 20,CLKBUF_X1,40
1596 20,CLKBUF_X1,40
1597 20,CLKBUF_X1,20,CLKBUF_X1,20
1598 20,CLKBUF_X1,20,CLKBUF_X1,20
1599 20,CLKBUF_X1,20,CLKBUF_X1,20
1600 40,CLKBUF_X1,20
1601 40,CLKBUF_X1,20
1602 40,CLKBUF_X1,20
1603 20,CLKBUF_X1,40,CLKBUF_X1
1604 20,CLKBUF_X1,20,CLKBUF_X1,20,CLKBUF_X1
1605 20,CLKBUF_X1,20,CLKBUF_X1,20,CLKBUF_X1
1606 40,CLKBUF_X1,20,CLKBUF_X1
1607 40,CLKBUF_X1,20,CLKBUF_X1
1608 40,CLKBUF_X1,20,CLKBUF_X1
1609 60,CLKBUF_X1
1610 60,CLKBUF_X1
1611 60,CLKBUF_X1
1612 20,CLKBUF_X1,40
1613 20,CLKBUF_X1,40
1614 20,CLKBUF_X1,40
1615 20,CLKBUF_X1,20,CLKBUF_X1,20
1616 20,CLKBUF_X1,20,CLKBUF_X1,20
1617 20,CLKBUF_X1,20,CLKBUF_X1,20
1618 40,CLKBUF_X1,20
1619 40,CLKBUF_X1,20
1620 40,CLKBUF_X1,20
1621 20,CLKBUF_X1,40,CLKBUF_X1
1622 20,CLKBUF_X1,20,CLKBUF_X1,20,CLKBUF_X1
1623 20,CLKBUF_X1,20,CLKBUF_X1,20,CLKBUF_X1
1624 40,CLKBUF_X1,20,CLKBUF_X1
1625 40,CLKBUF_X1,20,CLKBUF_X1
1626 40,CLKBUF_X1,20,CLKBUF_X1
1627 60,CLKBUF_X1
1628 60,CLKBUF_X1
1629 60,CLKBUF_X1
1630 20,CLKBUF_X1,40,CLKBUF_X1,20,CLKBUF_X1
1631 20,CLKBUF_X1,20,CLKBUF_X1,20,CLKBUF_X1,20,CLKBUF_X1
1632 20,CLKBUF_X1,20,CLKBUF_X1,20,CLKBUF_X1,20,CLKBUF_X1
1633 40,CLKBUF_X1,20,CLKBUF_X1,20,CLKBUF_X1
1634 40,CLKBUF_X1,20,CLKBUF_X1,20,CLKBUF_X1
1635 40,CLKBUF_X1,20,CLKBUF_X1,20,CLKBUF_X1
1636 60,CLKBUF_X1,20,CLKBUF_X1
1637 60,CLKBUF_X1,20,CLKBUF_X1
1638 60,CLKBUF_X1,20,CLKBUF_X1
1639 80
1640 80,CLKBUF_X1
1641 80,CLKBUF_X1
1642 80
1643 80
1644 80
1645 80
1646 80
1647 80
1648 80
1649 80
1650 80
1651 80
1652 80
1653 80
1654 80
1655 80
1656 80
1657 80
1658 80
1659 80
1660 80
1661 80
1662 80
1663 80
1664 80
1665 80
1666 80
1667 80
1668 80
1669 80
1670 80
1671 80
1672 80
1673 80
1674 80
1675 20,CLKBUF_X1,60,CLKBUF_X1
1676 20,CLKBUF_X1,20,CLKBUF_X1,40,CLKBUF_X1
1677 20,CLKBUF_X1,20,CLKBUF_X1,40,CLKBUF_X1
1678 40,CLKBUF_X1,40,CLKBUF_X1
1679 40,CLKBUF_X1,40,CLKBUF_X1
1680 40,CLKBUF_X1,40,CLKBUF_X1
1681 80
1682 80,CLKBUF_X1
1683 80,CLKBUF_X1
1684 80
1685 80
1686 80
1687 80
1688 80
1689 80
1690 80
1691 80
1692 80
1693 80
1694 80
1695 80
1696 80
1697 20,CLKBUF_X1,60,CLKBUF_X1
1698 20,CLKBUF_X1,20,CLKBUF_X1,40,CLKBUF_X1
1699 20,CLKBUF_X1,20,CLKBUF_X1,20,CLKBUF_X1,20,CLKBUF_X1
1700 40,CLKBUF_X1,40,CLKBUF_X1
1701 40,CLKBUF_X1,20,CLKBUF_X1,20,CLKBUF_X1
1702 40,CLKBUF_X1,20,CLKBUF_X1,20,CLKBUF_X1
1703 60,CLKBUF_X1,20,CLKBUF_X1
1704 60,CLKBUF_X1,20,CLKBUF_X1
1705 60,CLKBUF_X1,20,CLKBUF_X1
1706 80,CLKBUF_X1
1707 80,CLKBUF_X1
1708 80,CLKBUF_X1
1709 80
1710 80
1711 20,CLKBUF_X1,40,CLKBUF_X1,20,CLKBUF_X1
1712 20,CLKBUF_X1,20,CLKBUF_X1,40,CLKBUF_X1
1713 20,CLKBUF_X1,20,CLKBUF_X1,20,CLKBUF_X1,20,CLKBUF_X1
1714 40,CLKBUF_X1,40,CLKBUF_X1
1715 40,CLKBUF_X1,20,CLKBUF_X1,20,CLKBUF_X1
1716 40,CLKBUF_X1,20,CLKBUF_X1,20,CLKBUF_X1
1717 60,CLKBUF_X1,20,CLKBUF_X1
1718 60,CLKBUF_X1,20,CLKBUF_X1
1719 60,CLKBUF_X1,20,CLKBUF_X1
1720 80,CLKBUF_X1
1721 80,CLKBUF_X1
1722 80,CLKBUF_X1
1723 80
1724 80
1725 80
1726 80,CLKBUF_X1
1727 80,CLKBUF_X1
1728 80,CLKBUF_X1
1729 80
1730 80
1731 80
1732 80
1733 80
1734 80
1735 80
1736 80
1737 80
1738 80
1739 80
1740 80
1741 80
1742 80
1743 80
1744 80
1745 80
1746 80
1747 80
1748 80
1749 80
1750 80
1751 80
1752 80
1753 80
1754 80
1755 80
1756 80
1757 80
1758 80
1759 80
1760 20,CLKBUF_X1,60,CLKBUF_X1
1761 20,CLKBUF_X1,60,CLKBUF_X1
1762 20,CLKBUF_X1,60,CLKBUF_X1
1763 80
1764 80
1765 80
1766 20,CLKBUF_X1,60,CLKBUF_X1
1767 20,CLKBUF_X1,40,CLKBUF_X1,20,CLKBUF_X1
1768 20,CLKBUF_X1,20,CLKBUF_X1,20,CLKBUF_X1,20,CLKBUF_X1
1769 40,CLKBUF_X1,40,CLKBUF_X1
1770 40,CLKBUF_X1,20,CLKBUF_X1,20,CLKBUF_X1
1771 40,CLKBUF_X1,20,CLKBUF_X1,20,CLKBUF_X1
1772 60,CLKBUF_X1,20,CLKBUF_X1
1773 60,CLKBUF_X1,20,CLKBUF_X1
1774 60,CLKBUF_X1,20,CLKBUF_X1
1775 80,CLKBUF_X1
1776 80,CLKBUF_X1
1777 80,CLKBUF_X1
1778 80
1779 80
1780 80
1781 20,CLKBUF_X1,60,CLKBUF_X1
1782 20,CLKBUF_X1,40,CLKBUF_X1,20,CLKBUF_X1
1783 20,CLKBUF_X1,20,CLKBUF_X1,20,CLKBUF_X1,20,CLKBUF_X1
1784 40,CLKBUF_X1,40,CLKBUF_X1
1785 40,CLKBUF_X1,20,CLKBUF_X1,20,CLKBUF_X1
1786 40,CLKBUF_X1,20,CLKBUF_X1,20,CLKBUF_X1
1787 60,CLKBUF_X1,20,CLKBUF_X1
1788 60,CLKBUF_X1,20,CLKBUF_X1
1789 60,CLKBUF_X1,20,CLKBUF_X1
1790 80,CLKBUF_X1
1791 80,CLKBUF_X1
1792 80,CLKBUF_X1
1793 80
1794 80
1795 80
1796 80
1797 80
1798 80
1799 80
1800 80
1801 80
1802 80
1803 80
1804 80
1805 80
1806 80
1807 80
1808 80
1809 80
1810 80
1811 80
1812 80
1813 80
1814 80
1815 80
1816 80
1817 80
1818 80
1819 80
1820 80
1821 80
1822 80
1823 80
1824 80
1825 80
1826 80
1827 80
1828 80
1829 80
1830 80
1831 80
1832 80
1833 80
1834 80
1835 80
1836 80
1837 80
1838 80
1839 20,CLKBUF_X1,60,CLKBUF_X1
1840 20,CLKBUF_X1,20,CLKBUF_X1,40,CLKBUF_X1
1841 20,CLKBUF_X1,20,CLKBUF_X1,20,CLKBUF_X1,20,CLKBUF_X1
1842 40,CLKBUF_X1,40,CLKBUF_X1
1843 40,CLKBUF_X1,20,CLKBUF_X1,20,CLKBUF_X1
1844 40,CLKBUF_X1,20,CLKBUF_X1,20,CLKBUF_X1
1845 60,CLKBUF_X1,20,CLKBUF_X1
1846 60,CLKBUF_X1,20,CLKBUF_X1
1847 60,CLKBUF_X1,20,CLKBUF_X1
1848 80,CLKBUF_X1
1849 80,CLKBUF_X1
1850 80,CLKBUF_X1
1851 80
1852 80
1853 80
1854 80
1855 80
1856 80
1857 80
1858 80
1859 80
1860 80
1861 80
1862 80
1863 80
1864 80
1865 80
1866 80
1867 80
1868 80
1869 80
1870 80
1871 80
1872 80
1873 80
1874 80
1875 80
1876 80
1877 80
1878 80
1879 80
1880 80
1881 80
1882 80
1883 80
1884 20,CLKBUF_X1,40,CLKBUF_X1,20
1885 20,CLKBUF_X1,20,CLKBUF_X1,20,CLKBUF_X1,20
1886 20,CLKBUF_X1,20,CLKBUF_X1,20,CLKBUF_X1,20
1887 40,CLKBUF_X1,20,CLKBUF_X1,20
1888 40,CLKBUF_X1,20,CLKBUF_X1,20
1889 40,CLKBUF_X1,20,CLKBUF_X1,20
1890 60,CLKBUF_X1,20
1891 60,CLKBUF_X1,20
1892 60,CLKBUF_X1,20
1893 80
1894 80
1895 80
1896 80
1897 80
1898 80
1899 80
1900 80
1901 80
1902 80
1903 80
1904 80
1905 80
1906 80
1907 20,CLKBUF_X1,40,CLKBUF_X1,20
1908 20,CLKBUF_X1,20,CLKBUF_X1,20,CLKBUF_X1,20
1909 20,CLKBUF_X1,20,CLKBUF_X1,20,CLKBUF_X1,20
1910 40,CLKBUF_X1,20,CLKBUF_X1,20
1911 40,CLKBUF_X1,20,CLKBUF_X1,20
1912 40,CLKBUF_X1,20,CLKBUF_X1,20
1913 60,CLKBUF_X1,20
1914 60,CLKBUF_X1,20
1915 60,CLKBUF_X1,20
1916 80
1917 80
1918 80
1919 20,CLKBUF_X1,40,CLKBUF_X1,20
1920 20,CLKBUF_X1,20,CLKBUF_X1,20,CLKBUF_X1,20
1921 20,CLKBUF_X1,20,CLKBUF_X1,20,CLKBUF_X1,20
1922 40,CLKBUF_X1,20,CLKBUF_X1,20
1923 40,CLKBUF_X1,20,CLKBUF_X1,20
1924 40,CLKBUF_X1,20,CLKBUF_X1,20
1925 60,CLKBUF_X1,20
1926 60,CLKBUF_X1,20
1927 60,CLKBUF_X1,20
1928 80
1929 80
1930 80
1931 80
1932 80
1933 80
1934 80
1935 80
1936 80
1937 80
1938 80
1939 80
1940 80
1941 80
1942 80
1943 80
1944 80
1945 80
1946 80
1947 80
1948 80
1949 80
1950 80
1951 80
1952 80
1953 80
1954 80
1955 80
1956 80
1957 20,CLKBUF_X1,60,CLKBUF_X1
1958 20,CLKBUF_X1,20,CLKBUF_X1,40,CLKBUF_X1
1959 20,CLKBUF_X1,20,CLKBUF_X1,20,CLKBUF_X1,20,CLKBUF_X1
1960 40,CLKBUF_X1,40,CLKBUF_X1
1961 40,CLKBUF_X1,20,CLKBUF_X1,20,CLKBUF_X1
1962 40,CLKBUF_X1,20,CLKBUF_X1,20,CLKBUF_X1
1963 60,CLKBUF_X1,20,CLKBUF_X1
1964 60,CLKBUF_X1,20,CLKBUF_X1
1965 60,CLKBUF_X1,20,CLKBUF_X1
1966 80,CLKBUF_X1
1967 80,CLKBUF_X1
1968 80,CLKBUF_X1
1969 80
1970 80
1971 80
1972 80
1973 80
1974 60,CLKBUF_X1,20
1975 60,CLKBUF_X1,20
1976 80
1977 80
1978 80
1979 20,CLKBUF_X1,40,CLKBUF_X1,20
1980 20,CLKBUF_X1,20,CLKBUF_X1,20,CLKBUF_X1,20
1981 20,CLKBUF_X1,20,CLKBUF_X1,20,CLKBUF_X1,20
1982 40,CLKBUF_X1,20,CLKBUF_X1,20
1983 40,CLKBUF_X1,20,CLKBUF_X1,20
1984 40,CLKBUF_X1,20,CLKBUF_X1,20
1985 60,CLKBUF_X1,20
1986 60,CLKBUF_X1,20
1987 60,CLKBUF_X1,20
1988 80
1989 80
1990 80
1991 20,CLKBUF_X1,40,CLKBUF_X1,20
1992 20,CLKBUF_X1,20,CLKBUF_X1,20,CLKBUF_X1,20
1993 20,CLKBUF_X1,20,CLKBUF_X1,20,CLKBUF_X1,20
1994 40,CLKBUF_X1,20,CLKBUF_X1,20
1995 40,CLKBUF_X1,20,CLKBUF_X1,20
1996 40,CLKBUF_X1,20,CLKBUF_X1,20
1997 60,CLKBUF_X1,20
1998 60,CLKBUF_X1,20
1999 60,CLKBUF_X1,20
2000 80
2001 80
2002 80
2003 80
2004 80
2005 80
2006 80
2007 80
2008 80
2009 80
2010 80
2011 80
2012 80
2013 80
2014 80
2015 80
2016 80
2017 80
2018 80
2019 80
2020 80
2021 80
2022 80
2023 80
2024 80
2025 80
2026 80
2027 80
2028 80
2029 80
2030 80
2031 80
2032 80
2033 80
2034 80
2035 80
2036 80
2037 80
2038 80
2039 80
2040 80
2041 80
2042 80
2043 80
2044 80
2045 80
2046 80
2047 80
2048 80
2049 80
2050 80
2051 80
2052 80
2053 80
2054 80
2055 80
2056 80
2057 80
2058 80
2059 80
2060 80
2061 80
2062 80
2063 80
2064 80
2065 80
2066 80
2067 80
2068 80
2069 80
2070 80
2071 80
2072 80
2073 80
2074 80
2075 80
2076 80
2077 80
2078 80
2079 20,CLKBUF_X1,20,CLKBUF_X1,40
2080 20,CLKBUF_X1,20,CLKBUF_X1,40
2081 20,CLKBUF_X1,20,CLKBUF_X1,40
2082 40,CLKBUF_X1,40
2083 40,CLKBUF_X1,40
2084 40,CLKBUF_X1,40
2085 80
2086 20,CLKBUF_X1,40,CLKBUF_X1,20
2087 20,CLKBUF_X1,20,CLKBUF_X1,20,CLKBUF_X1,20
2088 20,CLKBUF_X1,20,CLKBUF_X1,20,CLKBUF_X1,20
2089 40,CLKBUF_X1,20,CLKBUF_X1,20
2090 40,CLKBUF_X1,20,CLKBUF_X1,20
2091 40,CLKBUF_X1,20,CLKBUF_X1,20
2092 60,CLKBUF_X1,20
2093 60,CLKBUF_X1,20
2094 60,CLKBUF_X1,20
2095 80
2096 80
2097 80
2098 80
2099 80
2100 80
2101 80
2102 80
2103 80
2104 80
2105 80
2106 80
2107 80
2108 80
2109 20,CLKBUF_X1,60,CLKBUF_X1
2110 20,CLKBUF_X1,20,CLKBUF_X1,40,CLKBUF_X1
2111 20,CLKBUF_X1,20,CLKBUF_X1,20,CLKBUF_X1,20,CLKBUF_X1
2112 40,CLKBUF_X1,40,CLKBUF_X1
2113 40,CLKBUF_X1,20,CLKBUF_X1,20,CLKBUF_X1
2114 40,CLKBUF_X1,20,CLKBUF_X1,20,CLKBUF_X1
2115 60,CLKBUF_X1,20,CLKBUF_X1
2116 60,CLKBUF_X1,20,CLKBUF_X1
2117 60,CLKBUF_X1,20,CLKBUF_X1
2118 80,CLKBUF_X1
2119 80,CLKBUF_X1
2120 80,CLKBUF_X1
2121 80
2122 80
2123 80
2124 80
2125 80
2126 80
2127 80
2128 80
2129 80
2130 80
2131 80
2132 80
2133 80
2134 80
2135 80
2136 80
2137 80
2138 80
2139 80
2140 80
2141 80
2142 80
2143 80
2144 80
2145 80
2146 80
2147 80
2148 80
2149 80
2150 80
2151 80
2152 80
2153 80
2154 20,CLKBUF_X1,20,CLKBUF_X1,40
2155 20,CLKBUF_X1,20,CLKBUF_X1,40
2156 20,CLKBUF_X1,20,CLKBUF_X1,40
2157 40,CLKBUF_X1,40
2158 40,CLKBUF_X1,40
2159 40,CLKBUF_X1,40
2160 80
2161 80
2162 80
2163 20,CLKBUF_X1,20,CLKBUF_X1,40
2164 20,CLKBUF_X1,20,CLKBUF_X1,40
2165 20,CLKBUF_X1,20,CLKBUF_X1,40
2166 40,CLKBUF_X1,40
2167 40,CLKBUF_X1,40
2168 40,CLKBUF_X1,40
2169 80
2170 80
2171 80
2172 20,CLKBUF_X1,20,CLKBUF_X1,40
2173 20,CLKBUF_X1,20,CLKBUF_X1,40
2174 20,CLKBUF_X1,20,CLKBUF_X1,40
2175 40,CLKBUF_X1,40
2176 40,CLKBUF_X1,40
2177 40,CLKBUF_X1,40
2178 80
2179 80
2180 80
2181 80
2182 80
2183 80
2184 80
2185 80
2186 80
2187 80
2188 80
2189 80
2190 80
2191 80
2192 80
2193 80
2194 80
2195 80
2196 80
2197 80
2198 80
2199 80
2200 80
2201 80
2202 80
2203 80
2204 20,CLKBUF_X1,40,CLKBUF_X1,20
2205 20,CLKBUF_X1,20,CLKBUF_X1,20,CLKBUF_X1,20
2206 20,CLKBUF_X1,20,CLKBUF_X1,20,CLKBUF_X1,20
2207 40,CLKBUF_X1,20,CLKBUF_X1,20
2208 40,CLKBUF_X1,20,CLKBUF_X1,20
2209 40,CLKBUF_X1,20,CLKBUF_X1,20
2210 60,CLKBUF_X1,20
2211 60,CLKBUF_X1,20
2212 60,CLKBUF_X1,20
2213 80
2214 80
2215 80
2216 80
2217 20,CLKBUF_X1,60,CLKBUF_X1
2218 20,CLKBUF_X1,40,CLKBUF_X1,20,CLKBUF_X1
2219 20,CLKBUF_X1,20,CLKBUF_X1,20,CLKBUF_X1,20,CLKBUF_X1
2220 40,CLKBUF_X1,40,CLKBUF_X1
2221 40,CLKBUF_X1,20,CLKBUF_X1,20,CLKBUF_X1
2222 40,CLKBUF_X1,20,CLKBUF_X1,20,CLKBUF_X1
2223 60,CLKBUF_X1,20,CLKBUF_X1
2224 60,CLKBUF_X1,20,CLKBUF_X1
2225 60,CLKBUF_X1,20,CLKBUF_X1
2226 80,CLKBUF_X1
2227 80,CLKBUF_X1
2228 80,CLKBUF_X1
2229 80
2230 80
2231 80
2232 80
2233 80
2234 80
2235 80
2236 20,CLKBUF_X1,20,CLKBUF_X1,40
2237 20,CLKBUF_X1,20,CLKBUF_X1,40
2238 20,CLKBUF_X1,20,CLKBUF_X1,40
2239 40,CLKBUF_X1,40
2240 40,CLKBUF_X1,40
2241 40,CLKBUF_X1,40
2242 80
2243 80
2244 80
2245 80
2246 80
2247 80
2248 80
2249 80
2250 80
2251 80
2252 80
2253 20,CLKBUF_X1,20,CLKBUF_X1,40
2254 20,CLKBUF_X1,20,CLKBUF_X1,40
2255 20,CLKBUF_X1,20,CLKBUF_X1,40
2256 40,CLKBUF_X1,40
2257 40,CLKBUF_X1,40
2258 40,CLKBUF_X1,40
2259 20,CLKBUF_X1,40,CLKBUF_X1,20
2260 20,CLKBUF_X1,20,CLKBUF_X1,20,CLKBUF_X1,20
2261 20,CLKBUF_X1,20,CLKBUF_X1,20,CLKBUF_X1,20
2262 40,CLKBUF_X1,20,CLKBUF_X1,20
2263 40,CLKBUF_X1,20,CLKBUF_X1,20
2264 40,CLKBUF_X1,20,CLKBUF_X1,20
2265 60,CLKBUF_X1,20
2266 60,CLKBUF_X1,20
2267 60,CLKBUF_X1,20
2268 20,CLKBUF_X1,60,CLKBUF_X1
2269 20,CLKBUF_X1,20,CLKBUF_X1,40,CLKBUF_X1
2270 20,CLKBUF_X1,20,CLKBUF_X1,20,CLKBUF_X1,20,CLKBUF_X1
2271 40,CLKBUF_X1,40,CLKBUF_X1
2272 40,CLKBUF_X1,20,CLKBUF_X1,20,CLKBUF_X1
2273 40,CLKBUF_X1,20,CLKBUF_X1,20,CLKBUF_X1
2274 60,CLKBUF_X1,20,CLKBUF_X1
2275 60,CLKBUF_X1,20,CLKBUF_X1
2276 60,CLKBUF_X1,20,CLKBUF_X1
2277 80,CLKBUF_X1
2278 80,CLKBUF_X1
2279 80,CLKBUF_X1
2280 20,CLKBUF_X1,60
2281 20,CLKBUF_X1,60
2282 20,CLKBUF_X1,60
2283 20,CLKBUF_X1,60
2284 20,CLKBUF_X1,60
2285 20,CLKBUF_X1,60
2286 20,CLKBUF_X1,20,CLKBUF_X1,40
2287 20,CLKBUF_X1,20,CLKBUF_X1,40
2288 20,CLKBUF_X1,20,CLKBUF_X1,40
2289 40,CLKBUF_X1,40
2290 40,CLKBUF_X1,40
2291 40,CLKBUF_X1,40
2292 20,CLKBUF_X1,40,CLKBUF_X1,20
2293 20,CLKBUF_X1,20,CLKBUF_X1,20,CLKBUF_X1,20
2294 20,CLKBUF_X1,20,CLKBUF_X1,20,CLKBUF_X1,20
2295 40,CLKBUF_X1,20,CLKBUF_X1,20
2296 40,CLKBUF_X1,20,CLKBUF_X1,20
2297 40,CLKBUF_X1,20,CLKBUF_X1,20
2298 60,CLKBUF_X1,20
2299 60,CLKBUF_X1,20
2300 60,CLKBUF_X1,20
2301 20,CLKBUF_X1,60
2302 20,CLKBUF_X1,60
2303 20,CLKBUF_X1,60
2304 20,CLKBUF_X1,60,CLKBUF_X1
2305 20,CLKBUF_X1,20,CLKBUF_X1,40,CLKBUF_X1
2306 20,CLKBUF_X1,20,CLKBUF_X1,20,CLKBUF_X1,20,CLKBUF_X1
2307 40,CLKBUF_X1,40,CLKBUF_X1
2308 40,CLKBUF_X1,20,CLKBUF_X1,20,CLKBUF_X1
2309 40,CLKBUF_X1,20,CLKBUF_X1,20,CLKBUF_X1
2310 60,CLKBUF_X1,20,CLKBUF_X1
2311 60,CLKBUF_X1,20,CLKBUF_X1
2312 60,CLKBUF_X1,20,CLKBUF_X1
2313 80,CLKBUF_X1
2314 80,CLKBUF_X1
2315 80,CLKBUF_X1
2316 20,CLKBUF_X1,60
2317 20,CLKBUF_X1,60
2318 20,CLKBUF_X1,60
2319 20,CLKBUF_X1,60
2320 20,CLKBUF_X1,60
2321 20,CLKBUF_X1,60
2322 20,CLKBUF_X1,60
2323 20,CLKBUF_X1,60
2324 20,CLKBUF_X1,60
2325 20,CLKBUF_X1,20,CLKBUF_X1,40
2326 20,CLKBUF_X1,20,CLKBUF_X1,40
2327 20,CLKBUF_X1,20,CLKBUF_X1,40
2328 40,CLKBUF_X1,40
2329 40,CLKBUF_X1,40
2330 40,CLKBUF_X1,40
2331 20,CLKBUF_X1,40,CLKBUF_X1,20
2332 20,CLKBUF_X1,20,CLKBUF_X1,20,CLKBUF_X1,20
2333 20,CLKBUF_X1,20,CLKBUF_X1,20,CLKBUF_X1,20
2334 40,CLKBUF_X1,20,CLKBUF_X1,20
2335 40,CLKBUF_X1,20,CLKBUF_X1,20
2336 40,CLKBUF_X1,20,CLKBUF_X1,20
2337 60,CLKBUF_X1,20
2338 60,CLKBUF_X1,20
2339 60,CLKBUF_X1,20
2340 20,CLKBUF_X1,60,CLKBUF_X1
2341 20,CLKBUF_X1,20,CLKBUF_X1,40,CLKBUF_X1
2342 20,CLKBUF_X1,20,CLKBUF_X1,20,CLKBUF_X1,20,CLKBUF_X1
2343 40,CLKBUF_X1,40,CLKBUF_X1
2344 40,CLKBUF_X1,20,CLKBUF_X1,20,CLKBUF_X1
2345 40,CLKBUF_X1,20,CLKBUF_X1,20,CLKBUF_X1
2346 60,CLKBUF_X1,20,CLKBUF_X1
2347 60,CLKBUF_X1,20,CLKBUF_X1
2348 60,CLKBUF_X1,20,CLKBUF_X1
2349 80,CLKBUF_X1
2350 80,CLKBUF_X1
2351 80,CLKBUF_X1
2352 20,CLKBUF_X1,60
2353 20,CLKBUF_X1,60
2354 20,CLKBUF_X1,60
2355 20,CLKBUF_X1,20,CLKBUF_X1,40
2356 20,CLKBUF_X1,20,CLKBUF_X1,40
2357 20,CLKBUF_X1,20,CLKBUF_X1,40
2358 40,CLKBUF_X1,40
2359 40,CLKBUF_X1,40
2360 40,CLKBUF_X1,40
2361 20,CLKBUF_X1,40,CLKBUF_X1,20
2362 20,CLKBUF_X1,20,CLKBUF_X1,20,CLKBUF_X1,20
2363 20,CLKBUF_X1,20,CLKBUF_X1,20,CLKBUF_X1,20
2364 40,CLKBUF_X1,20,CLKBUF_X1,20
2365 40,CLKBUF_X1,20,CLKBUF_X1,20
2366 40,CLKBUF_X1,20,CLKBUF_X1,20
2367 60,CLKBUF_X1,20
2368 60,CLKBUF_X1,20
2369 60,CLKBUF_X1,20
2370 20,CLKBUF_X1,60,CLKBUF_X1
2371 20,CLKBUF_X1,40,CLKBUF_X1,20,CLKBUF_X1
2372 20,CLKBUF_X1,20,CLKBUF_X1,20,CLKBUF_X1,20,CLKBUF_X1
2373 40,CLKBUF_X1,40,CLKBUF_X1
2374 40,CLKBUF_X1,20,CLKBUF_X1,20,CLKBUF_X1
2375 40,CLKBUF_X1,20,CLKBUF_X1,20,CLKBUF_X1
2376 60,CLKBUF_X1,20,CLKBUF_X1
2377 60,CLKBUF_X1,20,CLKBUF_X1
2378 60,CLKBUF_X1,20,CLKBUF_X1
2379 80,CLKBUF_X1
2380 80,CLKBUF_X1
2381 80,CLKBUF_X1
2382 20,CLKBUF_X1,60
2383 20,CLKBUF_X1,60
2384 20,CLKBUF_X1,60
2385 20,CLKBUF_X1,20,CLKBUF_X1,40
2386 20,CLKBUF_X1,20,CLKBUF_X1,40
2387 20,CLKBUF_X1,20,CLKBUF_X1,40
2388 40,CLKBUF_X1,40
2389 40,CLKBUF_X1,40
2390 40,CLKBUF_X1,40
2391 20,CLKBUF_X1,40,CLKBUF_X1,20
2392 20,CLKBUF_X1,20,CLKBUF_X1,20,CLKBUF_X1,20
2393 20,CLKBUF_X1,20,CLKBUF_X1,20,CLKBUF_X1,20
2394 40,CLKBUF_X1,20,CLKBUF_X1,20
2395 40,CLKBUF_X1,20,CLKBUF_X1,20
2396 40,CLKBUF_X1,20,CLKBUF_X1,20
2397 60,CLKBUF_X1,20
2398 60,CLKBUF_X1,20
2399 60,CLKBUF_X1,20
2400 20,CLKBUF_X1,60,CLKBUF_X1
2401 20,CLKBUF_X1,40,CLKBUF_X1,20,CLKBUF_X1
2402 20,CLKBUF_X1,20,CLKBUF_X1,20,CLKBUF_X1,20,CLKBUF_X1
2403 40,CLKBUF_X1,40,CLKBUF_X1
2404 40,CLKBUF_X1,20,CLKBUF_X1,20,CLKBUF_X1
2405 40,CLKBUF_X1,20,CLKBUF_X1,20,CLKBUF_X1
2406 60,CLKBUF_X1,20,CLKBUF_X1
2407 60,CLKBUF_X1,20,CLKBUF_X1
2408 60,CLKBUF_X1,20,CLKBUF_X1
2409 80,CLKBUF_X1
2410 80,CLKBUF_X1
2411 80,CLKBUF_X1
